a := [1618160776, 366222184, 1323603651, 961264978, 76338300, 1079183806, 
1379741027, 1095625157, 1378000675, 25585315, 1890103561, 855028007, 1772389185
, 1678916694, 1817480335, 1972641633, 347706282, 202789172, 678852156, 
595387438, 1124127003, 641212874, 988512770, 1105989508, 1330299757, 1463369446
, 2098184298, 1092133642, 1427854500, 1349843055, 1287767370, 1045931779, 
58150106, 1843673237, 933029415, 1503168825, 1749618140, 844370145, 1496657770,
1078396938, 1954285597, 498408069, 1197856543, 2032760103, 2093623155, 
1510366103, 290319951, 1420898143, 1260992010, 366206486, 405889704, 213561267,
999862911, 1791833145, 838518850, 1227669233, 772320120, 1104666576, 1685003584
, 1089758148, 264387201, 1634002467, 893645500, 291291731, 117559519, 325791709
, 1736062366, 231714000, 1515103006, 132274485, 398675522, 1199014128, 
1530490810, 1864061670, 1997015361, 557942923, 663307952, 295595364, 1696117849
, 2016017442, 1663423246, 51119001, 974763107, 1447930741, 1668894615, 
696567687, 1836067774, 1263942477, 1873110678, 1336658413, 1557690952, 
122548885, 516942320, 711455903, 513451233, 438009096, 2027039028, 1129453058,
1461232481, 661764676];
